2513258,663221,2801600,1323990
2531366,881424,2593284,1066633
4419,3162,1
4420,3162,2
4422,3162,4
4423,3162,1
4424,3162,4
4425,3163,2
4426,3163,1
4427,3163,2
4429,3164,1
4430,3164,3
4431,3164,1
4432,3164,1
4432,3165,1
4434,3165,1
4436,3165,3
4437,3166,4
4438,3166,4
4439,3166,1
4442,3167,2
4443,3167,8
4444,3167,2
4445,3167,2
4446,3167,1
4448,3167,1
4448,3168,3
4449,3168,3
4450,3168,3
4452,3168,2
4453,3168,2
4453,3169,3
4454,3169,2
4455,3169,1
4456,3169,2
4457,3169,2
4458,3169,2
4459,3169,3
4460,3170,1
4461,3170,2
4462,3170,3
4463,3170,1
4464,3171,1
4466,3172,1
4467,3173,3
4467,3174,1
4468,3174,3
4469,3175,3
4470,3175,1
4470,3176,1
4471,3176,4
4472,3176,1
4473,3176,1
4474,3177,1
4475,3177,2
4477,3177,4
4478,3177,2
4479,3177,3
4480,3177,2
4481,3177,1
4481,3178,1
4483,3179,4
4484,3179,1
4485,3179,1
4485,3180,1
4486,3180,1
4488,3180,2
4489,3181,2
4490,3181,2
4491,3181,1
4493,3181,1
4494,3181,2
4495,3181,2
4496,3181,2
4497,3181,2
4499,3182,2
4500,3182,1
4501,3182,1
4503,3182,1
4504,3183,1
4506,3183,1
4507,3183,2
4508,3183,1
4509,3183,1
4510,3183,1
4511,3183,1
4512,3183,1
4513,3182,3
4513,3183,3
4514,3182,3
4515,3182,3
4517,3181,1
4518,3181,1
4518,3183,1
4519,3180,1
4519,3207,1
4519,3215,1
4520,3216,1
4521,3179,1
4521,3180,1
4522,3179,1
4523,3183,1
4524,3178,4
4524,3207,1
4527,3206,1
4528,3183,1
4528,3206,1
4528,3207,1
4529,3206,2
4530,3206,3
4530,3220,2
4531,3205,1
4532,3184,1
4532,3205,1
4534,3170,2
4534,3204,1
4535,3170,1
4535,3172,62
4535,3204,1
4535,3223,1
4536,3172,4
4537,3170,1
4537,3171,1
4537,3172,16
4537,3177,2
4537,3184,1
4537,3225,1
4538,3172,17
4538,3173,1
4539,3171,1
4539,3172,12
4539,3173,6
4539,3176,1
4539,3203,1
4539,3226,1
4539,3227,2
4539,3235,2
4539,3240,1
4540,3170,3
4540,3171,1
4540,3172,1
4540,3173,31
4540,3202,1
4540,3229,1
4540,3242,1
4541,3164,2
4541,3165,1
4541,3166,2
4541,3171,4
4541,3173,79
4541,3174,1
4541,3180,2
4541,3184,2
4541,3202,1
4541,3233,2
4542,3164,1
4542,3166,1
4542,3170,1
4542,3171,3
4542,3172,1
4542,3173,190
4542,3174,227
4542,3180,1
4542,3181,1
4542,3182,2
4542,3185,1
4542,3186,2
4542,3187,1
4542,3232,1
4542,3245,2
4543,3164,2
4543,3166,1
4543,3169,2
4543,3170,1
4543,3172,1
4543,3173,1
4543,3174,999
4543,3180,1
4543,3188,1
4543,3190,1
4543,3201,1
4543,3202,1
4544,3166,1
4544,3168,1
4544,3169,1
4544,3171,3
4544,3172,4
4544,3173,1
4544,3174,377
4544,3175,365
4544,3188,2
4544,3202,1
4545,3167,4
4545,3168,2
4545,3172,1
4545,3173,150
4545,3174,71
4545,3175,592
4545,3176,94
4545,3178,2
4545,3180,1
4545,3181,1
4545,3185,1
4545,3188,1
4545,3189,1
4545,3202,1
4545,3248,2
4546,3165,1
4546,3172,1
4546,3173,1194
4546,3174,57
4546,3175,1
4546,3176,331
4546,3177,8
4546,3178,32
4546,3179,3
4546,3184,1
4546,3186,1
4546,3189,1
4546,3201,2
4547,3165,1
4547,3166,1
4547,3172,79
4547,3173,714
4547,3174,1013
4547,3175,1
4547,3176,56
4547,3177,2847
4547,3178,93
4547,3186,1
4547,3188,1
4547,3189,3
4547,3201,2
4548,3172,206
4548,3173,1844
4548,3174,2621
4548,3177,2167
4548,3178,13712
4548,3179,45
4548,3190,1
4548,3191,1
4549,3166,1
4549,3168,2
4549,3169,1
4549,3170,1
4549,3171,1
4549,3172,324
4549,3173,1340
4549,3174,12125
4549,3175,563
4549,3177,106
4549,3178,8400
4549,3179,3927
4549,3180,498
4549,3182,85
4549,3183,7120
4549,3184,4322
4549,3190,2
4549,3192,1
4549,3194,1
4549,3200,1
4550,3165,1
4550,3167,1
4550,3172,502
4550,3173,1271
4550,3174,5728
4550,3175,1733
4550,3176,1145
4550,3178,555
4550,3179,200
4550,3180,4606
4550,3181,3044
4550,3182,3488
4550,3183,6645
4550,3184,10235
4550,3185,6838
4550,3190,1
4550,3195,1
4550,3197,2
4550,3200,2
4551,3166,1
4551,3172,155
4551,3173,1945
4551,3174,2804
4551,3175,1471
4551,3176,2291
4551,3177,2
4551,3178,79
4551,3180,4346
4551,3181,1787
4551,3182,3899
4551,3183,3964
4551,3184,6561
4551,3185,4398
4551,3186,1
4551,3190,1
4551,3198,1
4551,3200,3
4551,3254,1
4552,3164,1
4552,3165,1
4552,3171,7
4552,3172,533
4552,3173,2525
4552,3174,1781
4552,3175,1051
4552,3176,1155
4552,3177,1
4552,3178,61
4552,3179,834
4552,3180,1972
4552,3181,1643
4552,3182,3448
4552,3183,1774
4552,3184,2930
4552,3185,4476
4552,3190,1
4552,3202,1
4553,3164,1
4553,3170,1
4553,3171,2
4553,3172,470
4553,3173,1528
4553,3174,1421
4553,3175,3258
4553,3176,2232
4553,3178,4013
4553,3179,3397
4553,3180,3469
4553,3181,4980
4553,3182,3050
4553,3183,5051
4553,3184,6000
4553,3185,6048
4553,3203,2
4553,3204,2
4553,3205,1
4554,3169,6
4554,3171,14
4554,3172,159
4554,3173,1577
4554,3174,3943
4554,3175,3280
4554,3176,11640
4554,3177,2550
4554,3178,160
4554,3179,6032
4554,3180,1615
4554,3181,4939
4554,3182,4285
4554,3183,2918
4554,3184,18319
4554,3185,19891
4554,3188,1
4554,3199,2
4554,3206,1
4554,3208,2
4555,3169,6
4555,3170,27
4555,3171,19
4555,3172,502
4555,3173,3063
4555,3174,1058
4555,3175,2915
4555,3176,10086
4555,3177,3756
4555,3179,3454
4555,3180,2093
4555,3181,6988
4555,3182,8304
4555,3183,4641
4555,3184,9782
4555,3185,13211
4555,3186,1
4555,3190,1
4555,3208,1
4555,3209,1
4555,3210,2
4556,3170,12
4556,3171,39
4556,3172,308
4556,3173,2014
4556,3174,1238
4556,3175,1904
4556,3176,7113
4556,3177,13169
4556,3179,5189
4556,3180,3826
4556,3181,7412
4556,3182,9059
4556,3183,4086
4556,3184,3607
4556,3185,22369
4556,3186,5
4556,3187,1
4556,3190,1
4556,3198,2
4556,3213,1
4556,3264,1
4556,3271,2
4557,3170,31
4557,3171,75
4557,3172,349
4557,3173,4075
4557,3174,2764
4557,3175,3488
4557,3176,3798
4557,3177,3074
4557,3178,1480
4557,3179,2554
4557,3180,6081
4557,3181,10792
4557,3182,9667
4557,3183,4228
4557,3184,10184
4557,3185,11847
4557,3186,1
4557,3197,2
4557,3198,1
4557,3214,2
4557,3215,1
4557,3266,1
4557,3267,1
4558,3171,28
4558,3172,957
4558,3173,3112
4558,3174,2140
4558,3175,2640
4558,3176,5926
4558,3177,4655
4558,3178,13206
4558,3179,2478
4558,3180,7221
4558,3181,11375
4558,3182,10630
4558,3183,2269
4558,3184,7377
4558,3185,2545
4558,3186,1
4558,3187,1
4558,3190,1
4558,3196,1
4558,3197,1
4558,3217,1
4558,3219,1
4558,3269,1
4558,3270,1
4559,3172,823
4559,3173,1705
4559,3174,980
4559,3175,3285
4559,3176,5069
4559,3177,7861
4559,3178,17359
4559,3179,2281
4559,3180,14264
4559,3181,5384
4559,3182,4006
4559,3183,1646
4559,3184,5782
4559,3185,1453
4559,3186,27
4559,3196,2
4560,3171,465
4560,3172,1159
4560,3173,1098
4560,3174,717
4560,3175,779
4560,3176,1516
4560,3177,4322
4560,3178,13622
4560,3179,5717
4560,3180,14153
4560,3181,8145
4560,3182,5443
4560,3183,2684
4560,3184,13525
4560,3185,19692
4560,3187,1
4560,3190,3
4560,3191,1
4560,3196,1
4560,3222,1
4560,3224,1
4561,3167,1
4561,3168,1
4561,3169,1
4561,3171,213
4561,3172,784
4561,3173,1437
4561,3174,1068
4561,3175,1318
4561,3176,2539
4561,3177,6899
4561,3178,9161
4561,3179,18054
4561,3180,35172
4561,3181,12064
4561,3182,2841
4561,3183,4090
4561,3184,3949
4561,3185,27059
4561,3186,2
4561,3189,1
4561,3226,1
4561,3275,1
4562,3167,1
4562,3169,1
4562,3170,2
4562,3171,89
4562,3172,353
4562,3173,5204
4562,3174,1180
4562,3175,545
4562,3176,3935
4562,3177,3545
4562,3178,11253
4562,3179,46183
4562,3180,55762
4562,3181,31911
4562,3182,13912
4562,3183,7604
4562,3184,9884
4562,3185,18498
4562,3186,55
4562,3187,1
4562,3188,1
4562,3191,1
4562,3192,1
4562,3195,1
4562,3228,1
4562,3276,2
4563,3171,142
4563,3172,798
4563,3173,3687
4563,3174,1888
4563,3175,292
4563,3176,5400
4563,3177,6718
4563,3178,18824
4563,3179,26394
4563,3180,50535
4563,3181,25037
4563,3182,11390
4563,3183,9891
4563,3184,3927
4563,3185,2382
4563,3186,395
4563,3189,1
4563,3190,1
4563,3193,10
4563,3194,11
4563,3195,2
4563,3231,2
4564,3168,56
4564,3169,82
4564,3171,12
4564,3172,2556
4564,3173,1610
4564,3174,527
4564,3175,1458
4564,3176,4296
4564,3177,3579
4564,3178,6121
4564,3179,21831
4564,3180,35794
4564,3181,34643
4564,3182,6290
4564,3183,18802
4564,3184,7039
4564,3185,430
4564,3186,535
4564,3187,1
4564,3190,2
4564,3193,61
4564,3194,66
4564,3195,1
4564,3233,2
4564,3234,1
4564,3235,1
4565,3169,19
4565,3170,29
4565,3171,238
4565,3172,16055
4565,3173,2325
4565,3174,4160
4565,3175,785
4565,3176,633
4565,3177,2442
4565,3178,19684
4565,3179,9033
4565,3180,37863
4565,3181,35547
4565,3182,20903
4565,3183,3919
4565,3184,1236
4565,3185,418
4565,3186,2787
4565,3187,1507
4565,3188,1
4565,3192,1
4565,3193,2
4565,3194,3
4565,3235,1
4565,3237,1
4566,3168,61
4566,3170,20
4566,3171,238
4566,3172,5195
4566,3173,993
4566,3174,2802
4566,3175,717
4566,3176,1137
4566,3177,2990
4566,3178,11673
4566,3179,11756
4566,3180,16989
4566,3181,11185
4566,3182,5893
4566,3183,2187
4566,3184,6420
4566,3185,885
4566,3187,691
4566,3188,30
4566,3192,1
4566,3194,1
4566,3195,1
4566,3207,1
4566,3238,1
4566,3239,1
4567,3168,106
4567,3171,105
4567,3172,1362
4567,3173,3009
4567,3174,1180
4567,3175,1087
4567,3176,3825
4567,3177,1153
4567,3178,6123
4567,3179,9759
4567,3180,4156
4567,3181,5252
4567,3182,3001
4567,3183,820
4567,3184,1422
4567,3185,224
4567,3187,34
4567,3188,540
4567,3189,1
4567,3196,1
4567,3202,1
4567,3203,1
4567,3204,1
4567,3210,1
4567,3241,1
4567,3243,1
4567,3279,1
4568,3168,43
4568,3169,102
4568,3171,350
4568,3172,1001
4568,3173,966
4568,3174,1020
4568,3175,3620
4568,3176,704
4568,3177,3328
4568,3178,6735
4568,3179,3070
4568,3180,9087
4568,3181,1384
4568,3182,3694
4568,3183,1619
4568,3184,896
4568,3185,334
4568,3188,168
4568,3189,314
4568,3193,1
4568,3199,1
4568,3201,1
4568,3245,1
4568,3280,1
4569,3169,158
4569,3170,13
4569,3171,404
4569,3172,582
4569,3173,4480
4569,3174,2139
4569,3175,1871
4569,3176,660
4569,3177,623
4569,3178,3249
4569,3179,3685
4569,3180,383
4569,3181,1046
4569,3182,6626
4569,3183,2552
4569,3184,903
4569,3185,433
4569,3186,1
4569,3188,2
4569,3189,542
4569,3190,274
4569,3191,1
4569,3248,1
4570,3169,143
4570,3170,37
4570,3171,615
4570,3172,1616
4570,3173,4545
4570,3174,2915
4570,3175,488
4570,3176,1213
4570,3177,989
4570,3178,6314
4570,3179,3692
4570,3180,727
4570,3181,2047
4570,3182,6005
4570,3183,1134
4570,3184,2166
4570,3189,859
4570,3190,3764
4570,3191,80
4570,3249,1
4571,3169,167
4571,3170,135
4571,3171,754
4571,3172,1508
4571,3173,2181
4571,3174,1997
4571,3175,1883
4571,3176,276
4571,3177,2382
4571,3178,10693
4571,3179,2918
4571,3180,308
4571,3181,5301
4571,3182,3230
4571,3183,2243
4571,3184,2061
4571,3186,1
4571,3189,2
4571,3190,38
4571,3191,1127
4571,3192,19
4571,3193,1
4571,3251,1
4571,3253,1
4572,3168,18
4572,3169,152
4572,3170,4
4572,3171,493
4572,3172,2553
4572,3173,2585
4572,3174,2504
4572,3175,1130
4572,3176,227
4572,3177,1819
4572,3178,8067
4572,3179,1725
4572,3180,265
4572,3181,443
4572,3182,2679
4572,3183,3429
4572,3184,1253
4572,3191,925
4572,3192,785
4572,3193,27
4572,3194,1
4572,3255,1
4572,3281,1
4573,3168,33
4573,3169,125
4573,3171,579
4573,3172,1329
4573,3173,10376
4573,3174,2623
4573,3175,166
4573,3176,333
4573,3177,1163
4573,3178,6438
4573,3179,2069
4573,3180,956
4573,3181,609
4573,3182,6486
4573,3183,2373
4573,3184,538
4573,3185,1
4573,3192,689
4573,3193,1168
4573,3194,26
4573,3195,1
4573,3256,1
4573,3257,1
4573,3258,2
4573,3282,1
4574,3167,19
4574,3168,9
4574,3169,48
4574,3170,84
4574,3171,1493
4574,3172,2689
4574,3173,17858
4574,3174,7575
4574,3175,586
4574,3176,349
4574,3177,3958
4574,3178,6234
4574,3179,1513
4574,3180,835
4574,3181,1148
4574,3182,4452
4574,3183,2083
4574,3184,277
4574,3192,4
4574,3193,9
4574,3194,79
4574,3195,48
4574,3196,1
4574,3197,1
4574,3259,1
4574,3261,1
4574,3283,1
4575,3170,79
4575,3171,545
4575,3172,1664
4575,3173,1910
4575,3174,1473
4575,3175,1680
4575,3176,582
4575,3177,6100
4575,3178,32207
4575,3179,3620
4575,3180,5134
4575,3181,784
4575,3182,2500
4575,3183,9277
4575,3184,4179
4575,3194,3
4575,3195,3
4575,3196,34
4575,3197,26
4575,3198,15
4575,3200,2
4575,3202,2
4575,3203,1
4575,3262,5
4575,3263,7
4575,3283,1
4576,3170,12
4576,3171,780
4576,3172,1978
4576,3173,987
4576,3174,3144
4576,3175,1670
4576,3176,554
4576,3177,2487
4576,3178,6337
4576,3179,3323
4576,3180,985
4576,3181,1404
4576,3182,2846
4576,3183,23246
4576,3184,646
4576,3192,1
4576,3194,1
4576,3195,2
4576,3196,2
4576,3197,1
4576,3198,137
4576,3199,1
4576,3201,4
4576,3202,5
4576,3264,3
4576,3265,2
4576,3284,1
4577,3169,8
4577,3170,65
4577,3171,1375
4577,3172,1606
4577,3173,1271
4577,3174,1964
4577,3175,1820
4577,3176,216
4577,3177,1891
4577,3178,4432
4577,3179,2997
4577,3180,362
4577,3181,1987
4577,3182,1298
4577,3183,1832
4577,3184,2595
4577,3190,44
4577,3191,9
4577,3199,1
4577,3200,4
4577,3267,1
4577,3268,2
4577,3284,1
4578,3169,6
4578,3170,112
4578,3171,780
4578,3172,1102
4578,3173,253
4578,3174,4114
4578,3175,2607
4578,3176,445
4578,3177,8207
4578,3178,5848
4578,3179,1601
4578,3180,197
4578,3181,723
4578,3182,4201
4578,3183,967
4578,3184,3003
4578,3186,125
4578,3187,180
4578,3188,165
4578,3189,829
4578,3190,212
4578,3191,103
4578,3194,5
4578,3195,1
4579,3170,42
4579,3171,1750
4579,3172,1384
4579,3173,1846
4579,3174,1665
4579,3175,1002
4579,3176,1160
4579,3177,8548
4579,3178,3796
4579,3179,1599
4579,3180,530
4579,3181,938
4579,3182,5947
4579,3183,2725
4579,3184,769
4579,3185,1881
4579,3186,5500
4579,3187,191
4579,3188,85
4579,3189,349
4579,3190,2060
4579,3191,194
4579,3192,397
4579,3193,4
4579,3194,17
4579,3195,3
4579,3270,1
4580,3170,91
4580,3171,5687
4580,3172,9626
4580,3173,2037
4580,3174,1489
4580,3175,665
4580,3176,579
4580,3177,1385
4580,3178,3274
4580,3179,1383
4580,3180,677
4580,3181,1678
4580,3182,4287
4580,3183,670
4580,3184,450
4580,3185,443
4580,3186,2705
4580,3187,637
4580,3188,1062
4580,3189,1027
4580,3190,3635
4580,3191,1019
4580,3192,3791
4580,3193,259
4580,3194,146
4580,3270,1
4580,3271,5
4581,3170,60
4581,3171,6788
4581,3172,2938
4581,3173,1883
4581,3174,1329
4581,3175,1987
4581,3176,154
4581,3177,185
4581,3178,2524
4581,3179,1515
4581,3180,447
4581,3181,161
4581,3182,4046
4581,3183,849
4581,3184,196
4581,3185,598
4581,3186,755
4581,3187,686
4581,3188,1266
4581,3189,3454
4581,3190,4821
4581,3191,2234
4581,3192,3042
4581,3193,859
4581,3194,64
4582,3168,31
4582,3169,69
4582,3170,103
4582,3171,3303
4582,3172,3753
4582,3173,1365
4582,3174,925
4582,3175,1550
4582,3176,381
4582,3177,605
4582,3178,2454
4582,3179,591
4582,3180,82
4582,3181,42
4582,3182,649
4582,3183,885
4582,3184,277
4582,3185,301
4582,3186,585
4582,3187,1256
4582,3188,1783
4582,3189,1011
4582,3190,2239
4582,3191,1833
4582,3192,3215
4582,3193,2844
4582,3194,41
4582,3273,1
4583,3166,1
4583,3167,40
4583,3168,43
4583,3169,55
4583,3170,248
4583,3171,1716
4583,3172,1425
4583,3173,891
4583,3174,1475
4583,3175,2181
4583,3176,77
4583,3177,1038
4583,3178,1154
4583,3179,268
4583,3180,607
4583,3181,53
4583,3182,341
4583,3183,704
4583,3184,251
4583,3185,751
4583,3186,323
4583,3187,423
4583,3188,2904
4583,3189,1418
4583,3190,5216
4583,3191,8045
4583,3192,2823
4583,3193,118
4583,3274,1
4584,3170,261
4584,3171,1522
4584,3172,1251
4584,3173,3199
4584,3174,2828
4584,3175,1612
4584,3176,383
4584,3177,1389
4584,3178,850
4584,3179,210
4584,3180,509
4584,3181,110
4584,3182,1158
4584,3183,1659
4584,3184,427
4584,3185,1077
4584,3186,229
4584,3187,818
4584,3188,1414
4584,3189,1954
4584,3190,3420
4584,3191,5282
4584,3192,103
4584,3193,5
4585,3166,1
4585,3170,223
4585,3171,507
4585,3172,1245
4585,3173,965
4585,3174,1819
4585,3175,1510
4585,3176,154
4585,3177,2060
4585,3178,2546
4585,3179,504
4585,3180,294
4585,3181,2693
4585,3182,3701
4585,3183,2733
4585,3184,1124
4585,3185,1749
4585,3186,558
4585,3187,668
4585,3188,1479
4585,3189,899
4585,3190,7162
4585,3191,41
4585,3192,57
4585,3193,3
4585,3275,1
4586,3166,58
4586,3167,77
4586,3168,112
4586,3169,99
4586,3170,613
4586,3171,2096
4586,3172,1049
4586,3173,784
4586,3174,3329
4586,3175,303
4586,3176,85
4586,3177,1667
4586,3178,3807
4586,3179,394
4586,3180,76
4586,3181,896
4586,3182,4687
4586,3183,1591
4586,3184,578
4586,3185,1046
4586,3186,1856
4586,3187,973
4586,3188,1758
4586,3189,831
4586,3190,10274
4586,3191,359
4586,3192,17
4586,3193,3
4586,3276,2
4586,3277,1
4587,3167,2
4587,3168,130
4587,3169,3
4587,3170,112
4587,3171,1053
4587,3172,659
4587,3173,1427
4587,3174,3477
4587,3175,485
4587,3176,202
4587,3177,1078
4587,3178,1771
4587,3179,256
4587,3180,260
4587,3181,1432
4587,3182,3490
4587,3183,2148
4587,3184,2227
4587,3185,759
4587,3186,1020
4587,3187,1056
4587,3188,4130
4587,3189,2942
4587,3190,3193
4587,3191,61
4588,3169,3
4588,3170,11
4588,3171,671
4588,3172,1850
4588,3173,2587
4588,3174,1722
4588,3175,405
4588,3176,611
4588,3177,820
4588,3178,2382
4588,3179,250
4588,3180,109
4588,3181,550
4588,3182,1988
4588,3183,4296
4588,3184,1482
4588,3185,347
4588,3186,357
4588,3187,2598
4588,3188,5127
4588,3189,3764
4588,3190,1217
4588,3191,1
4588,3278,1
4589,3170,54
4589,3171,1169
4589,3172,2202
4589,3173,1059
4589,3174,1366
4589,3175,1037
4589,3176,442
4589,3177,372
4589,3178,2183
4589,3179,1185
4589,3180,131
4589,3181,908
4589,3182,2097
4589,3183,1642
4589,3184,829
4589,3185,681
4589,3186,743
4589,3187,6592
4589,3188,1977
4589,3189,3061
4589,3190,1291
4589,3285,1
4590,3169,8
4590,3170,237
4590,3171,679
4590,3172,1796
4590,3173,1737
4590,3174,505
4590,3175,490
4590,3176,2040
4590,3177,791
4590,3178,3615
4590,3179,320
4590,3180,217
4590,3181,1218
4590,3182,2036
4590,3183,2106
4590,3184,111
4590,3185,1201
4590,3186,1571
4590,3187,3128
4590,3188,6155
4590,3189,3432
4590,3190,24
4590,3280,1
4590,3286,2
4591,3169,27
4591,3170,221
4591,3171,1091
4591,3172,1314
4591,3173,600
4591,3174,225
4591,3175,451
4591,3176,499
4591,3177,3815
4591,3178,10464
4591,3179,318
4591,3180,1045
4591,3181,971
4591,3182,2143
4591,3183,1068
4591,3184,472
4591,3185,1142
4591,3186,2256
4591,3187,2177
4591,3188,13789
4591,3189,1846
4591,3280,1
4591,3286,1
4592,3168,27
4592,3169,48
4592,3170,11
4592,3171,1049
4592,3172,1651
4592,3173,1893
4592,3174,905
4592,3175,227
4592,3176,752
4592,3177,3372
4592,3178,22269
4592,3179,1080
4592,3180,289
4592,3181,1246
4592,3182,1658
4592,3183,852
4592,3184,830
4592,3185,1952
4592,3186,2393
4592,3187,1602
4592,3188,12742
4592,3189,1490
4593,3168,48
4593,3169,100
4593,3170,245
4593,3171,905
4593,3172,739
4593,3173,1382
4593,3174,407
4593,3175,665
4593,3176,318
4593,3177,1042
4593,3178,10499
4593,3179,1201
4593,3180,201
4593,3181,1104
4593,3182,1900
4593,3183,365
4593,3184,1346
4593,3185,1364
4593,3186,869
4593,3187,3627
4593,3188,12697
4593,3189,7
4593,3281,1
4594,3169,80
4594,3171,979
4594,3172,1071
4594,3173,1390
4594,3174,1380
4594,3175,571
4594,3176,428
4594,3177,1444
4594,3178,3461
4594,3179,862
4594,3180,1380
4594,3181,617
4594,3182,1565
4594,3183,475
4594,3184,3562
4594,3185,641
4594,3186,633
4594,3187,3334
4594,3188,13297
4595,3168,15
4595,3169,171
4595,3170,159
4595,3171,1346
4595,3172,777
4595,3173,1060
4595,3174,1959
4595,3175,5131
4595,3176,243
4595,3177,3100
4595,3178,3003
4595,3179,446
4595,3180,1544
4595,3181,628
4595,3182,1827
4595,3183,1218
4595,3184,2278
4595,3185,1646
4595,3186,2723
4595,3187,2374
4595,3188,4405
4595,3281,1
4595,3286,1
4596,3168,27
4596,3169,148
4596,3170,1
4596,3171,908
4596,3172,1778
4596,3173,3184
4596,3174,2930
4596,3175,1940
4596,3176,1439
4596,3177,2907
4596,3178,3654
4596,3179,389
4596,3180,477
4596,3181,1656
4596,3182,978
4596,3183,1352
4596,3184,1108
4596,3185,860
4596,3186,3352
4596,3187,4216
4596,3188,6247
4596,3189,5
4596,3286,1
4597,3169,256
4597,3170,158
4597,3171,1649
4597,3172,2360
4597,3173,2723
4597,3174,1374
4597,3175,4165
4597,3176,6166
4597,3177,11564
4597,3178,6139
4597,3179,611
4597,3180,786
4597,3181,2724
4597,3182,1220
4597,3183,1090
4597,3184,666
4597,3185,596
4597,3186,1485
4597,3187,9506
4597,3188,1851
4597,3189,8
4598,3171,1462
4598,3172,881
4598,3173,655
4598,3174,1438
4598,3175,12738
4598,3176,13306
4598,3177,17305
4598,3178,8714
4598,3179,1397
4598,3180,1243
4598,3181,1264
4598,3182,4502
4598,3183,1516
4598,3184,1255
4598,3185,1170
4598,3186,2129
4598,3187,3184
4598,3188,73
4598,3282,1
4599,3171,1490
4599,3172,1571
4599,3173,1196
4599,3174,553
4599,3175,8255
4599,3176,9474
4599,3177,14348
4599,3178,11594
4599,3179,3399
4599,3180,5420
4599,3181,3825
4599,3182,2943
4599,3183,1018
4599,3184,1627
4599,3185,709
4599,3186,2550
4599,3187,7949
4599,3188,97
4599,3189,61
4599,3287,1
4600,3171,1801
4600,3172,1243
4600,3173,1361
4600,3174,1489
4600,3175,14004
4600,3176,19474
4600,3177,16945
4600,3178,9756
4600,3179,4201
4600,3180,3785
4600,3181,8619
4600,3182,2109
4600,3183,1480
4600,3184,1294
4600,3185,1167
4600,3186,3380
4600,3187,3853
4600,3188,5
4600,3189,33
4601,3171,1540
4601,3172,2395
4601,3173,2225
4601,3174,3764
4601,3175,18436
4601,3176,9605
4601,3177,16790
4601,3178,8984
4601,3179,5458
4601,3180,6157
4601,3181,4253
4601,3182,715
4601,3183,1010
4601,3184,3238
4601,3185,972
4601,3186,4020
4601,3187,6117
4601,3188,8
4601,3283,1
4601,3287,2
4602,3171,705
4602,3172,2401
4602,3173,1830
4602,3174,6587
4602,3175,16557
4602,3176,11683
4602,3177,8279
4602,3178,12128
4602,3179,4821
4602,3180,3497
4602,3181,368
4602,3182,398
4602,3183,1150
4602,3184,922
4602,3185,1501
4602,3186,1642
4602,3187,1037
4602,3188,252
4602,3189,20
4602,3284,1
4603,3170,4
4603,3171,1749
4603,3172,933
4603,3173,3009
4603,3174,4620
4603,3175,11447
4603,3176,9321
4603,3177,8583
4603,3178,8327
4603,3179,9160
4603,3180,2074
4603,3181,541
4603,3182,320
4603,3183,2513
4603,3184,1116
4603,3185,1326
4603,3186,1596
4603,3187,587
4603,3188,287
4603,3189,35
4603,3286,1
4604,3170,291
4604,3171,1144
4604,3172,1441
4604,3173,1971
4604,3174,1141
4604,3175,5092
4604,3176,5211
4604,3177,7322
4604,3178,3158
4604,3179,7101
4604,3180,3147
4604,3181,3378
4604,3182,313
4604,3183,241
4604,3184,863
4604,3185,798
4604,3186,940
4604,3187,2793
4604,3188,52
4604,3284,1
4604,3286,1
4605,3170,279
4605,3171,370
4605,3172,4396
4605,3173,3209
4605,3174,1445
4605,3175,648
4605,3176,1329
4605,3177,2947
4605,3178,951
4605,3179,1598
4605,3180,917
4605,3181,230
4605,3182,278
4605,3183,367
4605,3184,629
4605,3185,737
4605,3186,463
4605,3187,5638
4605,3188,221
4605,3284,1
4606,3170,62
4606,3171,542
4606,3172,785
4606,3173,2746
4606,3174,6127
4606,3175,663
4606,3176,2572
4606,3177,1840
4606,3178,763
4606,3179,432
4606,3180,905
4606,3181,98
4606,3182,276
4606,3183,499
4606,3184,1049
4606,3185,686
4606,3186,913
4606,3187,1686
4607,3170,102
4607,3171,547
4607,3172,809
4607,3173,551
4607,3174,1703
4607,3175,243
4607,3176,1123
4607,3177,2076
4607,3178,489
4607,3179,415
4607,3180,260
4607,3181,2329
4607,3182,531
4607,3183,911
4607,3184,1201
4607,3185,15950
4607,3186,699
4607,3187,2009
4607,3285,1
4608,3170,804
4608,3171,405
4608,3172,783
4608,3173,1295
4608,3174,2275
4608,3175,1587
4608,3176,2538
4608,3177,1522
4608,3178,802
4608,3179,569
4608,3180,660
4608,3181,4187
4608,3182,730
4608,3183,801
4608,3184,118
4608,3185,5364
4608,3186,355
4608,3187,945
4608,3188,54
4609,3170,367
4609,3171,1080
4609,3172,657
4609,3173,2984
4609,3174,4482
4609,3175,730
4609,3176,1367
4609,3177,1581
4609,3178,5791
4609,3179,359
4609,3180,110
4609,3181,236
4609,3182,412
4609,3183,595
4609,3184,824
4609,3185,2311
4609,3186,200
4609,3187,1439
4609,3188,455
4609,3287,3
4610,3170,169
4610,3171,645
4610,3172,763
4610,3173,4217
4610,3174,1679
4610,3175,2176
4610,3176,1839
4610,3177,2243
4610,3178,3751
4610,3179,3680
4610,3180,152
4610,3181,600
4610,3182,4676
4610,3183,2894
4610,3184,2459
4610,3185,989
4610,3186,1576
4610,3187,2004
4610,3188,473
4610,3286,1
4611,3170,487
4611,3171,791
4611,3172,636
4611,3173,865
4611,3174,3298
4611,3175,11122
4611,3176,1201
4611,3177,1339
4611,3178,1866
4611,3179,2532
4611,3180,1190
4611,3181,145
4611,3182,997
4611,3183,1288
4611,3184,1167
4611,3185,927
4611,3186,1283
4611,3187,762
4612,3170,601
4612,3171,666
4612,3172,1562
4612,3173,1743
4612,3174,2912
4612,3175,1896
4612,3176,1863
4612,3177,800
4612,3178,2684
4612,3179,3660
4612,3180,2367
4612,3181,574
4612,3182,1091
4612,3183,1214
4612,3184,2514
4612,3185,696
4612,3186,451
4612,3187,530
4613,3170,228
4613,3171,347
4613,3172,2058
4613,3173,260
4613,3174,93
4613,3176,68
4613,3177,810
4613,3178,7616
4613,3179,2584
4613,3180,1642
4613,3181,631
4613,3182,252
4613,3183,960
4613,3184,7591
4613,3185,975
4613,3186,86
4613,3187,424
4613,3188,180
4613,3287,1
4613,3288,1
4614,3171,123
4614,3172,2845
4614,3177,18
4614,3178,72
4614,3180,1733
4614,3181,900
4614,3182,271
4614,3183,982
4614,3184,3483
4614,3185,113
4614,3187,94
4614,3188,238
4614,3288,1
4615,3172,89
4615,3173,6
4615,3177,5
4615,3180,830
4615,3181,2379
4615,3182,329
4615,3183,3008
4615,3184,2207
4615,3185,1
4615,3186,59
4615,3187,75
4615,3188,205
4615,3287,1
4616,3172,6
4616,3173,12
4616,3180,2
4616,3181,1804
4616,3182,1861
4616,3183,909
4616,3184,439
4616,3185,2
4616,3188,154
4617,3172,19
4617,3181,49
4617,3182,315
4617,3183,241
4617,3184,24
4617,3185,4
4617,3188,67
4618,3172,15
4618,3183,116
4618,3185,3
4618,3288,2
4619,3171,4
4619,3172,18
4619,3184,3
4619,3288,1
4620,3170,5
4620,3171,15
4620,3184,5
4620,3289,1
4621,3170,7
4621,3289,2
4622,3170,17
4622,3290,3
4623,3170,11
4623,3289,2
4623,3290,5
4624,3169,8
4624,3170,4
4624,3289,1
4624,3290,12
4625,3169,9
4625,3290,6
4626,3169,8
4626,3290,1
4627,3169,55
4627,3290,1
4628,3167,1
4628,3168,101
4628,3169,85
4628,3290,1
4629,3167,12
4629,3290,6
4629,3291,1
4630,3167,5
4633,3291,1
4637,3291,1
4641,3292,1
4642,3292,2
4643,3292,1
4644,3292,3
4645,3293,1
4649,3293,1
4651,3294,1
4652,3294,1
4653,3294,1
4654,3295,1
4655,3295,1
4656,3294,1
4656,3295,1
4657,3294,2
4658,3294,2
4658,3296,1
4659,3294,1
4659,3296,1
4660,3295,2
4660,3296,2
4661,3295,1
4661,3297,1
4662,3295,1
4662,3297,1
4663,3295,1
4664,3297,1
4665,3295,1
4665,3297,1
4668,3296,1
4669,3297,2
4671,3297,1
4672,3296,1
4674,3297,1
4675,3297,1
4677,3297,1
4678,3297,1
4679,3297,1
4680,3297,1
4681,3297,1
4684,3298,1
4685,3297,1
4686,3297,1
4687,3298,2
4689,3298,1
4689,3299,1
4691,3299,1
4692,3299,1
4694,3300,2
4695,3299,1
4695,3300,4
4696,3300,1
4697,3299,2
4698,3299,1
4698,3300,1
4700,3300,2
4701,3300,2
4703,3300,1
4706,3300,1
4708,3299,1
4711,3299,1
4715,3300,1
4718,3301,1
4722,3302,1
4723,3302,1
4724,3302,1
4725,3301,1
4727,3300,1
4728,3299,1
4730,3299,1
4731,3299,1
4733,3299,1
4735,3299,1
4737,3297,1
4739,3296,1
4740,3294,1
4742,3292,1
4742,3293,1
